7.019738769531250000e+01
9.494548797607421875e+01
9.920072937011718750e+01
1.000992355346679688e+02
1.003424987792968750e+02
1.004237976074218750e+02
1.004573440551757812e+02
1.004845123291015625e+02
1.004988784790039062e+02
1.005078887939453125e+02
1.005115051269531250e+02
1.005160293579101562e+02
1.005268707275390625e+02
1.005316238403320312e+02
1.005309295654296875e+02
1.005261688232421875e+02
1.005117568969726562e+02
1.005257492065429688e+02
1.005206527709960938e+02
1.005308837890625000e+02
1.005326843261718750e+02
1.005376892089843750e+02
1.005393295288085938e+02
1.005353927612304688e+02
1.005374450683593750e+02
1.005350341796875000e+02
1.005361862182617188e+02
1.005366744995117188e+02
1.005343399047851562e+02
1.005250854492187500e+02
1.005316925048828125e+02
1.005268020629882812e+02
1.005257492065429688e+02
1.005267410278320312e+02
1.005272750854492188e+02
1.005315933227539062e+02
1.005290832519531250e+02
1.005193862915039062e+02
1.005191650390625000e+02
1.005165634155273438e+02
1.005230712890625000e+02
1.005095748901367188e+02
1.004613952636718750e+02
1.005045394897460938e+02
1.005115051269531250e+02
1.005019073486328125e+02
1.005156173706054688e+02
1.005058212280273438e+02
1.005141067504882812e+02
1.005013122558593750e+02
1.004984436035156250e+02
1.005033187866210938e+02
1.004968948364257812e+02
1.005006866455078125e+02
1.004932632446289062e+02
1.004925079345703125e+02
1.004891967773437500e+02
1.004844741821289062e+02
1.004920043945312500e+02
1.004857711791992188e+02
1.004641876220703125e+02
1.004650802612304688e+02
1.004601898193359375e+02
1.004679794311523438e+02
1.004390411376953125e+02
1.004555053710937500e+02
1.004472198486328125e+02
1.004443740844726562e+02
1.004453277587890625e+02
1.004340591430664062e+02
1.004289321899414062e+02
1.004147796630859375e+02
1.004112396240234375e+02
1.003879013061523438e+02
1.003871994018554688e+02
1.003710403442382812e+02
1.003932037353515625e+02
1.003358078002929688e+02
1.003534164428710938e+02
1.003475265502929688e+02
1.003524017333984375e+02
1.003022689819335938e+02
1.003049240112304688e+02
1.002755508422851562e+02
1.002597198486328125e+02
1.002262268066406250e+02
1.002313766479492188e+02
1.001557159423828125e+02
1.001669540405273438e+02
1.001409225463867188e+02
1.001347961425781250e+02
1.000094451904296875e+02
1.000549926757812500e+02
1.000209045410156250e+02
9.996920776367187500e+01
9.994171142578125000e+01
9.988213348388671875e+01
9.967070770263671875e+01
9.966469573974609375e+01
9.958561706542968750e+01
7.046172332763671875e+01
9.455823516845703125e+01
9.815455627441406250e+01
9.831592559814453125e+01
9.890525054931640625e+01
9.853696441650390625e+01
9.620536804199218750e+01
9.665973663330078125e+01
8.845581817626953125e+01
8.278379058837890625e+01
8.297473907470703125e+01
8.408343505859375000e+01
8.395082092285156250e+01
8.077397155761718750e+01
7.910430908203125000e+01
7.440070343017578125e+01
7.328868865966796875e+01
6.589907073974609375e+01
6.137781524658203125e+01
5.580373382568359375e+01
5.757601928710937500e+01
5.704317474365234375e+01
5.196404647827148438e+01
5.014244842529296875e+01
5.258201217651367188e+01
5.351355743408203125e+01
5.768558883666992188e+01
5.846102905273437500e+01
5.259000396728515625e+01
5.598949050903320312e+01
5.209669113159179688e+01
5.215502548217773438e+01
4.691464233398437500e+01
4.604740905761718750e+01
4.746401977539062500e+01
4.784872436523437500e+01
5.113604736328125000e+01
4.879064559936523438e+01
4.516639328002929688e+01
4.552867889404296875e+01
4.075036621093750000e+01
4.219322586059570312e+01
4.167425155639648438e+01
3.862948989868164062e+01
3.593651962280273438e+01
3.872895431518554688e+01
3.903847503662109375e+01
3.657741165161132812e+01
3.665464019775390625e+01
3.551255035400390625e+01
3.539633941650390625e+01
3.236890029907226562e+01
3.210671234130859375e+01
2.997449684143066406e+01
2.901211547851562500e+01
2.793500328063964844e+01
2.755741882324218750e+01
2.786279487609863281e+01
2.583260536193847656e+01
2.495030593872070312e+01
2.439748573303222656e+01
2.353767967224121094e+01
2.332194900512695312e+01
2.162200736999511719e+01
2.119214439392089844e+01
2.105218696594238281e+01
2.102556037902832031e+01
2.038069725036621094e+01
1.873022079467773438e+01
1.777203941345214844e+01
1.792692947387695312e+01
1.619390106201171875e+01
1.519045066833496094e+01
1.472672367095947266e+01
1.381108760833740234e+01
1.251104736328125000e+01
1.169771003723144531e+01
1.090919017791748047e+01
1.064312934875488281e+01
1.003648471832275391e+01
8.842958450317382812e+00
8.632709503173828125e+00
8.327219963073730469e+00
8.456502914428710938e+00
8.549642562866210938e+00
8.342614173889160156e+00
1.155801773071289062e+01
1.328302860260009766e+01
3.215899658203125000e+01
5.387271118164062500e+01
7.154325103759765625e+01
7.959675598144531250e+01
8.923318481445312500e+01
9.530367279052734375e+01
9.806191253662109375e+01
9.932680511474609375e+01
9.965770721435546875e+01
1.001228866577148438e+02
1.003256149291992188e+02
1.001535415649414062e+02
7.045583343505859375e+01
9.504694366455078125e+01
9.910735321044921875e+01
1.000588607788085938e+02
1.003303070068359375e+02
1.004118270874023438e+02
1.004510040283203125e+02
1.004853897094726562e+02
1.005036315917968750e+02
1.005093688964843750e+02
1.005161132812500000e+02
1.005152511596679688e+02
1.005210266113281250e+02
1.005298233032226562e+02
1.005320510864257812e+02
1.005260009765625000e+02
1.004934844970703125e+02
1.005306091308593750e+02
1.005113830566406250e+02
1.005293350219726562e+02
1.005299530029296875e+02
1.005398788452148438e+02
1.005402374267578125e+02
1.005345153808593750e+02
1.005372848510742188e+02
1.005315093994140625e+02
1.005318298339843750e+02
1.005365753173828125e+02
1.005351409912109375e+02
1.005300979614257812e+02
1.005306701660156250e+02
1.005259399414062500e+02
1.005209045410156250e+02
1.005286483764648438e+02
1.005286560058593750e+02
1.005321273803710938e+02
1.005331192016601562e+02
1.005104522705078125e+02
1.005124588012695312e+02
1.005222854614257812e+02
1.005276260375976562e+02
1.005033187866210938e+02
1.004501495361328125e+02
1.005023651123046875e+02
1.005142822265625000e+02
1.005078353881835938e+02
1.005201339721679688e+02
1.005044555664062500e+02
1.005175399780273438e+02
1.005069351196289062e+02
1.005047988891601562e+02
1.005039443969726562e+02
1.005002288818359375e+02
1.005046539306640625e+02
1.004776763916015625e+02
1.004881896972656250e+02
1.004583206176757812e+02
1.004805297851562500e+02
1.004937973022460938e+02
1.004872817993164062e+02
1.004666671752929688e+02
1.004695892333984375e+02
1.004656066894531250e+02
1.004486389160156250e+02
1.003816604614257812e+02
1.004249572753906250e+02
1.004413223266601562e+02
1.004099121093750000e+02
1.004048843383789062e+02
1.003944244384765625e+02
1.004122772216796875e+02
1.003932266235351562e+02
1.003980255126953125e+02
1.003452453613281250e+02
1.003643493652343750e+02
1.002253417968750000e+02
1.002306518554687500e+02
9.997821044921875000e+01
1.000697708129882812e+02
1.000384063720703125e+02
9.957997894287109375e+01
9.868537139892578125e+01
9.748069000244140625e+01
9.608103942871093750e+01
9.438943481445312500e+01
9.054210662841796875e+01
8.686634063720703125e+01
8.242171478271484375e+01
7.896369934082031250e+01
7.280529785156250000e+01
6.688693237304687500e+01
5.700787734985351562e+01
5.293325042724609375e+01
5.139643096923828125e+01
5.034965515136718750e+01
5.033563995361328125e+01
4.893872070312500000e+01
5.009012985229492188e+01
4.940808868408203125e+01
4.903675842285156250e+01
6.826927185058593750e+01
7.506675720214843750e+01
5.369312667846679688e+01
4.556545257568359375e+01
4.443511962890625000e+01
4.430133819580078125e+01
4.126837539672851562e+01
3.505059051513671875e+01
3.781094360351562500e+01
3.625900268554687500e+01
3.826756286621093750e+01
3.232226181030273438e+01
3.246938705444335938e+01
3.314406967163085938e+01
3.081749534606933594e+01
3.419453811645507812e+01
3.202919006347656250e+01
2.658376312255859375e+01
3.335594558715820312e+01
3.655062103271484375e+01
3.769033813476562500e+01
3.385368347167968750e+01
3.022634315490722656e+01
3.065797615051269531e+01
2.493932723999023438e+01
2.361068534851074219e+01
1.912172126770019531e+01
1.743775749206542969e+01
1.725741004943847656e+01
1.473255920410156250e+01
1.175636100769042969e+01
9.498957633972167969e+00
7.208925724029541016e+00
6.692661762237548828e+00
3.970230579376220703e+00
1.597752213478088379e+00
9.769185781478881836e-01
6.654573678970336914e-01
4.543620645999908447e-01
2.093316316604614258e-01
3.160045444965362549e-01
1.499855875968933105e+00
2.560624599456787109e+00
5.093096733093261719e+00
2.911384582519531250e+00
1.505353927612304688e+00
2.881841063499450684e-01
-2.497662007808685303e-01
5.323752015829086304e-02
-1.217184215784072876e-01
1.104194402694702148e+00
9.453877449035644531e+00
3.792987823486328125e+01
6.497887420654296875e+01
7.499834442138671875e+01
8.471402740478515625e+01
8.774315643310546875e+01
9.129143524169921875e+01
9.551078033447265625e+01
9.820709228515625000e+01
9.940209197998046875e+01
9.989704132080078125e+01
1.000979232788085938e+02
1.002481079101562500e+02
1.002836074829101562e+02
1.004272079467773438e+02
1.004709701538085938e+02
1.004810867309570312e+02
1.004852752685546875e+02
1.004884033203125000e+02
1.004944076538085938e+02
1.004970016479492188e+02
1.005216445922851562e+02
1.005256042480468750e+02
1.005234527587890625e+02
1.005285797119140625e+02
1.005299072265625000e+02
1.005250320434570312e+02
1.005285110473632812e+02
1.005041580200195312e+02
1.005064773559570312e+02
1.004960327148437500e+02
1.005198974609375000e+02
1.005282211303710938e+02
1.005250549316406250e+02
1.005328216552734375e+02
1.005334548950195312e+02
1.004783706665039062e+02
1.005179367065429688e+02
1.005261383056640625e+02
1.005196075439453125e+02
1.005209045410156250e+02
1.005125961303710938e+02
1.004956588745117188e+02
1.005012283325195312e+02
1.005148086547851562e+02
1.005173492431640625e+02
1.005005722045898438e+02
1.005097427368164062e+02
1.005014801025390625e+02
7.024760437011718750e+01
9.496364593505859375e+01
9.920846557617187500e+01
1.001029052734375000e+02
1.003441085815429688e+02
1.004244461059570312e+02
1.004577636718750000e+02
1.004849395751953125e+02
1.004996185302734375e+02
1.005082015991210938e+02
1.005117645263671875e+02
1.005156936645507812e+02
1.005269317626953125e+02
1.005318145751953125e+02
1.005313873291015625e+02
1.005265197753906250e+02
1.005104980468750000e+02
1.005256347656250000e+02
1.005202178955078125e+02
1.005303192138671875e+02
1.005325469970703125e+02
1.005377883911132812e+02
1.005392837524414062e+02
1.005351486206054688e+02
1.005371780395507812e+02
1.005350799560546875e+02
1.005364685058593750e+02
1.005365371704101562e+02
1.005343246459960938e+02
1.005244674682617188e+02
1.005314407348632812e+02
1.005268478393554688e+02
1.005253982543945312e+02
1.005271987915039062e+02
1.005273590087890625e+02
1.005314331054687500e+02
1.005290985107421875e+02
1.005174255371093750e+02
1.005183792114257812e+02
1.005158920288085938e+02
1.005220947265625000e+02
1.005084533691406250e+02
1.004607238769531250e+02
1.005035476684570312e+02
1.005111236572265625e+02
1.005007781982421875e+02
1.005151901245117188e+02
1.005049972534179688e+02
1.005139999389648438e+02
1.005000839233398438e+02
1.004974899291992188e+02
1.005026855468750000e+02
1.004959640502929688e+02
1.005004730224609375e+02
1.004916915893554688e+02
1.004914016723632812e+02
1.004879379272460938e+02
1.004838409423828125e+02
1.004915618896484375e+02
1.004850234985351562e+02
1.004633026123046875e+02
1.004649810791015625e+02
1.004600143432617188e+02
1.004673538208007812e+02
1.004390411376953125e+02
1.004549560546875000e+02
1.004461746215820312e+02
1.004432601928710938e+02
1.004441223144531250e+02
1.004332656860351562e+02
1.004276504516601562e+02
1.004120941162109375e+02
1.004093322753906250e+02
1.003865966796875000e+02
1.003856887817382812e+02
1.003683776855468750e+02
1.003910903930664062e+02
1.003336944580078125e+02
1.003502273559570312e+02
1.003438262939453125e+02
1.003516464233398438e+02
1.003015136718750000e+02
1.003033905029296875e+02
1.002700271606445312e+02
1.002550277709960938e+02
1.002176437377929688e+02
1.002271957397460938e+02
1.001517257690429688e+02
1.001593627929687500e+02
1.001357040405273438e+02
1.001304779052734375e+02
9.998920440673828125e+01
1.000453796386718750e+02
1.000170211791992188e+02
9.996916198730468750e+01
9.994418334960937500e+01
9.988194274902343750e+01
9.967540740966796875e+01
9.966566467285156250e+01
9.958452606201171875e+01
7.046157073974609375e+01
9.476281738281250000e+01
9.882861328125000000e+01
9.973020935058593750e+01
1.001246261596679688e+02
1.002146377563476562e+02
1.002931289672851562e+02
1.003517456054687500e+02
1.003629302978515625e+02
1.003745803833007812e+02
1.004451217651367188e+02
1.004290542602539062e+02
1.003900909423828125e+02
1.003463439941406250e+02
1.003735046386718750e+02
1.001680908203125000e+02
1.001553649902343750e+02
1.000445404052734375e+02
9.972576141357421875e+01
9.843258666992187500e+01
9.851183319091796875e+01
9.822682189941406250e+01
9.840448760986328125e+01
9.598093414306640625e+01
9.587450408935546875e+01
9.509496307373046875e+01
9.411674499511718750e+01
9.427901458740234375e+01
9.082476043701171875e+01
8.985717010498046875e+01
8.916539764404296875e+01
8.796873474121093750e+01
8.537135314941406250e+01
8.480814361572265625e+01
8.395510864257812500e+01
8.418315124511718750e+01
8.477621459960937500e+01
8.257543182373046875e+01
7.678861999511718750e+01
7.242829895019531250e+01
6.903627777099609375e+01
6.351886749267578125e+01
6.266550064086914062e+01
6.384896469116210938e+01
6.397026062011718750e+01
6.222098159790039062e+01
6.490374755859375000e+01
6.235121154785156250e+01
6.302022933959960938e+01
6.489167022705078125e+01
6.418241119384765625e+01
5.832690429687500000e+01
6.208922576904296875e+01
6.385081481933593750e+01
6.077404785156250000e+01
6.152521133422851562e+01
5.914402770996093750e+01
5.675384902954101562e+01
5.858249282836914062e+01
5.304709625244140625e+01
5.076773834228515625e+01
5.306092834472656250e+01
5.041722869873046875e+01
4.672170257568359375e+01
4.605536651611328125e+01
4.656096649169921875e+01
4.627628326416015625e+01
4.199599838256835938e+01
3.926224517822265625e+01
4.031694793701171875e+01
4.152123641967773438e+01
3.493358993530273438e+01
3.358191680908203125e+01
3.267263793945312500e+01
3.144107818603515625e+01
3.027748298645019531e+01
3.042580795288085938e+01
2.986514091491699219e+01
2.984418296813964844e+01
2.774481010437011719e+01
2.641207122802734375e+01
2.520173072814941406e+01
2.472934341430664062e+01
2.368486976623535156e+01
2.309996414184570312e+01
2.203170776367187500e+01
2.243917655944824219e+01
2.234684944152832031e+01
2.266228866577148438e+01
2.183521842956542969e+01
2.206819915771484375e+01
2.175003242492675781e+01
2.125411415100097656e+01
2.028556823730468750e+01
1.880337333679199219e+01
1.867863464355468750e+01
1.810993576049804688e+01
2.173578643798828125e+01
2.123777198791503906e+01
1.981234169006347656e+01
4.520819091796875000e+01
5.158634185791015625e+01
3.615578842163085938e+01
2.835385131835937500e+01
2.740967941284179688e+01
2.138053512573242188e+01
1.455562305450439453e+01
1.380122089385986328e+01
1.162511730194091797e+01
8.781758308410644531e+00
7.062409400939941406e+00
3.464944362640380859e+00
2.724751234054565430e+00
3.104370355606079102e+00
2.388714551925659180e+00
9.027708768844604492e-01
1.516319811344146729e-01
-3.366937935352325439e-01
-3.132347762584686279e-01
-3.229151070117950439e-01
-4.440633952617645264e-02
-9.099580347537994385e-02
-1.632718443870544434e-01
-2.407451570034027100e-01
-3.593367636203765869e-01
-4.052963554859161377e-01
-6.051079034805297852e-01
1.336495161056518555e+00
3.183696937561035156e+01
5.955826950073242188e+01
7.915116119384765625e+01
8.494739532470703125e+01
8.838111114501953125e+01
9.236516571044921875e+01
9.653550720214843750e+01
9.861553192138671875e+01
9.967950439453125000e+01
1.000609512329101562e+02
1.002635116577148438e+02
1.003947982788085938e+02
1.004515457153320312e+02
1.004498138427734375e+02
1.002650527954101562e+02
1.004487380981445312e+02
1.004985733032226562e+02
1.005060501098632812e+02
1.005264358520507812e+02
1.004955291748046875e+02
1.005180435180664062e+02
1.005140457153320312e+02
1.005244903564453125e+02
1.005246582031250000e+02
1.005161666870117188e+02
1.005216140747070312e+02
1.005063705444335938e+02
1.005080490112304688e+02
1.005022583007812500e+02
1.005084609985351562e+02
1.005103836059570312e+02
1.005099258422851562e+02
1.005176925659179688e+02
1.004965820312500000e+02
1.004759292602539062e+02
1.005001602172851562e+02
1.004773483276367188e+02
1.005136032104492188e+02
1.005088653564453125e+02
1.005044784545898438e+02
1.005056228637695312e+02
1.005072479248046875e+02
1.005080490112304688e+02
1.005137176513671875e+02
1.005199661254882812e+02
1.005190353393554688e+02
1.005123519897460938e+02
1.005156707763671875e+02
1.005156173706054688e+02
1.005062484741210938e+02
1.005060119628906250e+02
1.004690093994140625e+02
1.004515686035156250e+02
1.004910049438476562e+02
1.004867401123046875e+02
1.005025482177734375e+02
1.004897918701171875e+02
1.004954223632812500e+02
1.004691696166992188e+02
1.004555435180664062e+02
1.004825286865234375e+02
1.004490051269531250e+02
1.004541015625000000e+02
1.004676361083984375e+02
1.004342498779296875e+02
1.004138183593750000e+02
1.004104156494140625e+02
1.003981857299804688e+02
1.004372863769531250e+02
1.002828063964843750e+02
1.003691253662109375e+02
1.003939208984375000e+02
7.046172332763671875e+01
9.464704895019531250e+01
9.854595947265625000e+01
9.928188323974609375e+01
9.968957519531250000e+01
9.975635528564453125e+01
9.932024383544921875e+01
9.936331939697265625e+01
9.721376037597656250e+01
9.505063629150390625e+01
9.521393585205078125e+01
9.639762115478515625e+01
9.525875854492187500e+01
9.393579101562500000e+01
9.252161407470703125e+01
8.902091217041015625e+01
8.927185058593750000e+01
8.300517272949218750e+01
8.008808898925781250e+01
7.580064392089843750e+01
7.651667022705078125e+01
7.624124908447265625e+01
7.609328460693359375e+01
7.340225219726562500e+01
7.288481903076171875e+01
7.235209655761718750e+01
7.265702056884765625e+01
7.474677276611328125e+01
6.959190368652343750e+01
7.099594879150390625e+01
6.980867767333984375e+01
7.041020965576171875e+01
6.468647003173828125e+01
6.168488693237304688e+01
6.131802368164062500e+01
6.007468414306640625e+01
6.186661911010742188e+01
5.931512069702148438e+01
5.493492507934570312e+01
5.277429962158203125e+01
4.941913223266601562e+01
4.804146194458007812e+01
4.935974884033203125e+01
5.249362945556640625e+01
5.292874526977539062e+01
5.405169296264648438e+01
5.748664093017578125e+01
5.558668518066406250e+01
5.386057662963867188e+01
5.676385498046875000e+01
5.387023162841796875e+01
4.966609573364257812e+01
5.504753875732421875e+01
5.264972305297851562e+01
5.063594436645507812e+01
4.991238403320312500e+01
4.891636276245117188e+01
4.603304672241210938e+01
4.394485855102539062e+01
3.934221267700195312e+01
3.871847915649414062e+01
3.839823913574218750e+01
3.622545242309570312e+01
3.173980712890625000e+01
3.193324089050292969e+01
3.012819671630859375e+01
2.976060867309570312e+01
2.934962081909179688e+01
2.804133224487304688e+01
2.772637367248535156e+01
2.872746467590332031e+01
2.487366676330566406e+01
2.373241424560546875e+01
2.402945899963378906e+01
2.307580757141113281e+01
2.170608520507812500e+01
2.186403465270996094e+01
2.120763778686523438e+01
2.131315612792968750e+01
1.994169616699218750e+01
1.899732971191406250e+01
1.816209411621093750e+01
1.861372375488281250e+01
1.750748825073242188e+01
1.702935600280761719e+01
1.560792446136474609e+01
1.637493705749511719e+01
1.641493606567382812e+01
1.679137802124023438e+01
1.590921401977539062e+01
1.562615394592285156e+01
1.621983146667480469e+01
2.166529655456542969e+01
4.291786193847656250e+01
6.143363189697265625e+01
7.217845153808593750e+01
7.046728515625000000e+01
8.086572265625000000e+01
8.826093292236328125e+01
8.769104003906250000e+01
7.046162414550781250e+01
9.493108367919921875e+01
9.895899963378906250e+01
9.989276885986328125e+01
1.002243270874023438e+02
1.002996368408203125e+02
1.003786468505859375e+02
1.004326858520507812e+02
1.004477081298828125e+02
1.004731521606445312e+02
1.004970550537109375e+02
1.004883117675781250e+02
1.004744033813476562e+02
1.004787597656250000e+02
1.004984130859375000e+02
1.004616241455078125e+02
1.004370269775390625e+02
1.004563293457031250e+02
1.003376922607421875e+02
1.003574905395507812e+02
1.004314117431640625e+02
1.004436340332031250e+02
1.004191665649414062e+02
1.003486709594726562e+02
1.004173049926757812e+02
1.003632049560546875e+02
1.003293457031250000e+02
1.003999786376953125e+02
1.002498245239257812e+02
1.003101196289062500e+02
1.002901840209960938e+02
1.001614837646484375e+02
9.929309844970703125e+01
9.878318786621093750e+01
9.691883087158203125e+01
9.560704803466796875e+01
9.525329589843750000e+01
9.328145599365234375e+01
8.964405822753906250e+01
8.735187530517578125e+01
8.566036224365234375e+01
8.607549285888671875e+01
8.555449676513671875e+01
8.602126312255859375e+01
8.621694183349609375e+01
8.640515136718750000e+01
8.861397552490234375e+01
8.790270996093750000e+01
8.888704681396484375e+01
9.035440063476562500e+01
9.051731109619140625e+01
8.704570007324218750e+01
8.838942718505859375e+01
8.895155334472656250e+01
8.748081207275390625e+01
8.728456115722656250e+01
8.460800933837890625e+01
8.409759521484375000e+01
8.561026000976562500e+01
8.239628601074218750e+01
7.587798309326171875e+01
7.839491271972656250e+01
7.693299102783203125e+01
7.507299804687500000e+01
7.162075042724609375e+01
7.450270080566406250e+01
7.706845092773437500e+01
7.086384582519531250e+01
7.096928405761718750e+01
7.057056427001953125e+01
7.126073455810546875e+01
6.814340209960937500e+01
7.001927947998046875e+01
6.371265411376953125e+01
6.142670822143554688e+01
5.763451766967773438e+01
6.148437118530273438e+01
5.380944824218750000e+01
5.161033630371093750e+01
4.912004089355468750e+01
4.537922668457031250e+01
4.138237380981445312e+01
3.779520797729492188e+01
3.881893157958984375e+01
3.663492584228515625e+01
3.409410095214843750e+01
3.515817260742187500e+01
3.468597412109375000e+01
3.374124908447265625e+01
3.253045654296875000e+01
3.197889709472656250e+01
3.164005851745605469e+01
3.067299652099609375e+01
3.030396842956542969e+01
3.097203254699707031e+01
3.036795806884765625e+01
3.072035408020019531e+01
3.401514053344726562e+01
3.245269775390625000e+01
3.190283203125000000e+01
4.993510437011718750e+01
5.498641586303710938e+01
3.877331924438476562e+01
3.086650657653808594e+01
3.019344711303710938e+01
2.455791664123535156e+01
1.784702110290527344e+01
1.770400047302246094e+01
1.526882171630859375e+01
1.263785552978515625e+01
1.115987300872802734e+01
8.169137954711914062e+00
9.642999649047851562e+00
1.360692310333251953e+01
1.132414913177490234e+01
9.055636405944824219e+00
1.500848484039306641e+01
1.642168998718261719e+01
2.552711105346679688e+01
3.178170776367187500e+01
4.656223297119140625e+01
6.355371856689453125e+01
7.447600555419921875e+01
8.333238220214843750e+01
8.983976745605468750e+01
9.480607604980468750e+01
9.724682617187500000e+01
9.876146697998046875e+01
9.969712066650390625e+01
1.001113204956054688e+02
1.003171081542968750e+02
1.004096527099609375e+02
1.004597625732421875e+02
1.004834365844726562e+02
1.005007553100585938e+02
1.005099945068359375e+02
1.005229644775390625e+02
1.005206222534179688e+02
1.005183105468750000e+02
1.005277099609375000e+02
1.005354309082031250e+02
1.005320205688476562e+02
1.004178695678710938e+02
1.005184402465820312e+02
1.005303039550781250e+02
1.005244140625000000e+02
1.005391845703125000e+02
1.005230560302734375e+02
1.005307464599609375e+02
1.005185699462890625e+02
1.005259704589843750e+02
1.005274353027343750e+02
1.005171356201171875e+02
1.005214614868164062e+02
1.005032577514648438e+02
1.005046463012695312e+02
1.005036849975585938e+02
1.005007324218750000e+02
1.005134353637695312e+02
1.005079421997070312e+02
1.005177764892578125e+02
1.005140762329101562e+02
1.004854736328125000e+02
1.004956359863281250e+02
1.004749526977539062e+02
1.005070190429687500e+02
1.005000534057617188e+02
1.004933319091796875e+02
1.004956054687500000e+02
1.004996948242187500e+02
1.004975357055664062e+02
1.004965667724609375e+02
1.005031890869140625e+02
1.004986343383789062e+02
1.004963150024414062e+02
1.004938888549804688e+02
1.004972152709960938e+02
1.004866333007812500e+02
1.004850769042968750e+02
1.004543533325195312e+02
1.004531936645507812e+02
1.004722290039062500e+02
1.004728164672851562e+02
1.004742279052734375e+02
1.004629669189453125e+02
1.004629440307617188e+02
1.004454040527343750e+02
1.004230804443359375e+02
1.004471054077148438e+02
1.004006500244140625e+02
1.004108810424804688e+02
1.004309616088867188e+02
1.003866806030273438e+02
1.003536148071289062e+02
1.003460159301757812e+02
1.003300857543945312e+02
1.003715438842773438e+02
1.002205200195312500e+02
1.002522735595703125e+02
1.003155746459960938e+02
7.044111633300781250e+01
8.689781188964843750e+01
7.304298400878906250e+01
6.693911743164062500e+01
6.784633636474609375e+01
6.845990753173828125e+01
6.471591949462890625e+01
6.156225204467773438e+01
6.009911346435546875e+01
6.070874023437500000e+01
6.223257446289062500e+01
6.059390258789062500e+01
6.268086242675781250e+01
6.282650756835937500e+01
6.195274353027343750e+01
6.239134979248046875e+01
6.409690856933593750e+01
5.953822326660156250e+01
6.280051422119140625e+01
6.196984100341796875e+01
6.492874145507812500e+01
6.264457702636718750e+01
5.778783416748046875e+01
5.458893585205078125e+01
4.832710647583007812e+01
4.981022262573242188e+01
4.933679580688476562e+01
4.759577178955078125e+01
4.644807434082031250e+01
4.045909881591796875e+01
3.783922958374023438e+01
3.756035232543945312e+01
3.385838317871093750e+01
3.512419891357421875e+01
3.160390281677246094e+01
3.019171714782714844e+01
2.963291549682617188e+01
2.892673683166503906e+01
2.747389411926269531e+01
2.700032806396484375e+01
2.617893409729003906e+01
2.758245086669921875e+01
2.645653533935546875e+01
2.719350814819335938e+01
2.514783287048339844e+01
2.523430442810058594e+01
2.421213912963867188e+01
2.172245597839355469e+01
2.102740097045898438e+01
1.929673004150390625e+01
1.874509620666503906e+01
1.801076507568359375e+01
1.630993080139160156e+01
1.559997272491455078e+01
1.553984069824218750e+01
1.604961204528808594e+01
2.052519035339355469e+01
2.554819297790527344e+01
3.657201385498046875e+01
4.321516418457031250e+01
4.866766738891601562e+01
6.098656463623046875e+01
6.934616088867187500e+01
7.749163818359375000e+01
8.443772888183593750e+01
9.116421508789062500e+01
9.688248443603515625e+01
9.908650970458984375e+01
9.990572357177734375e+01
1.001974105834960938e+02
1.003142471313476562e+02
1.003738479614257812e+02
1.004504013061523438e+02
1.004774932861328125e+02
1.004877548217773438e+02
1.004955673217773438e+02
1.005069122314453125e+02
1.004807357788085938e+02
1.004979782104492188e+02
1.004827270507812500e+02
1.005028762817382812e+02
1.004992294311523438e+02
1.005102005004882812e+02
1.005091400146484375e+02
1.005049819946289062e+02
1.005123519897460938e+02
1.005144577026367188e+02
1.004573745727539062e+02
1.004950256347656250e+02
1.005026397705078125e+02
1.004933547973632812e+02
1.004925308227539062e+02
1.004788894653320312e+02
1.004634323120117188e+02
1.004800415039062500e+02
1.004830093383789062e+02
1.004833679199218750e+02
1.004524078369140625e+02
1.004417648315429688e+02
1.003993072509765625e+02
7.046173095703125000e+01
9.464031219482421875e+01
9.846255493164062500e+01
9.915248107910156250e+01
9.957330322265625000e+01
9.964723205566406250e+01
9.914363098144531250e+01
9.897219085693359375e+01
9.622759246826171875e+01
9.373354339599609375e+01
9.397772979736328125e+01
9.488329315185546875e+01
9.292315673828125000e+01
9.128931427001953125e+01
9.020460510253906250e+01
8.698648834228515625e+01
8.707180023193359375e+01
8.086948394775390625e+01
7.821895599365234375e+01
7.325257873535156250e+01
7.458745574951171875e+01
7.440070343017578125e+01
7.322792053222656250e+01
6.909443664550781250e+01
6.810942840576171875e+01
6.619401550292968750e+01
6.624520111083984375e+01
6.843819427490234375e+01
6.260816192626953125e+01
6.499018096923828125e+01
6.332317352294921875e+01
6.394105529785156250e+01
5.871898269653320312e+01
5.557313537597656250e+01
5.582650375366210938e+01
5.545383453369140625e+01
5.795574951171875000e+01
5.666360092163085938e+01
5.254632568359375000e+01
5.039502716064453125e+01
4.754935455322265625e+01
4.546354675292968750e+01
4.692972564697265625e+01
4.604513168334960938e+01
4.506865310668945312e+01
4.549407958984375000e+01
4.751772308349609375e+01
4.591367340087890625e+01
4.538532257080078125e+01
4.853052902221679688e+01
4.593680191040039062e+01
4.238114547729492188e+01
4.673448944091796875e+01
4.463981628417968750e+01
4.241580581665039062e+01
4.175435638427734375e+01
4.156832504272460938e+01
4.072055816650390625e+01
3.909232330322265625e+01
3.592835617065429688e+01
3.495517730712890625e+01
3.250297546386718750e+01
3.097797203063964844e+01
2.879231452941894531e+01
2.869873809814453125e+01
2.776974105834960938e+01
2.783531951904296875e+01
2.751736450195312500e+01
2.597932624816894531e+01
2.554759788513183594e+01
2.631125068664550781e+01
2.288654136657714844e+01
2.183005905151367188e+01
2.221563529968261719e+01
2.132060432434082031e+01
2.029093742370605469e+01
2.032576560974121094e+01
1.979877471923828125e+01
1.989829635620117188e+01
1.858981895446777344e+01
1.736778068542480469e+01
1.638035583496093750e+01
1.664624595642089844e+01
1.505494403839111328e+01
1.451182556152343750e+01
1.318899059295654297e+01
1.343151569366455078e+01
1.349236965179443359e+01
1.419244194030761719e+01
1.309273433685302734e+01
1.311751174926757812e+01
1.317160320281982422e+01
1.348750114440917969e+01
1.583547782897949219e+01
2.540438079833984375e+01
4.017489624023437500e+01
4.403125381469726562e+01
6.160348892211914062e+01
7.291207885742187500e+01
7.018922424316406250e+01
7.045884704589843750e+01
9.503536987304687500e+01
9.908487701416015625e+01
1.000404968261718750e+02
1.003199157714843750e+02
1.004047164916992188e+02
1.004442520141601562e+02
1.004833831787109375e+02
1.004992523193359375e+02
1.005076980590820312e+02
1.005143203735351562e+02
1.005127029418945312e+02
1.005192108154296875e+02
1.005281906127929688e+02
1.005321731567382812e+02
1.005221557617187500e+02
1.004888687133789062e+02
1.005290679931640625e+02
1.004984817504882812e+02
1.005244674682617188e+02
1.005291595458984375e+02
1.005390396118164062e+02
1.005392913818359375e+02
1.005333633422851562e+02
1.005370101928710938e+02
1.005314636230468750e+02
1.005298614501953125e+02
1.005359344482421875e+02
1.005358886718750000e+02
1.005291595458984375e+02
1.005304946899414062e+02
1.005240020751953125e+02
1.005204849243164062e+02
1.005306701660156250e+02
1.005298995971679688e+02
1.005312652587890625e+02
1.005331420898437500e+02
1.005085678100585938e+02
1.005075302124023438e+02
1.005209503173828125e+02
1.005268173217773438e+02
1.005015945434570312e+02
1.004280242919921875e+02
1.004919815063476562e+02
1.005097122192382812e+02
1.005049743652343750e+02
1.005197448730468750e+02
1.005062637329101562e+02
1.005176239013671875e+02
1.005055465698242188e+02
1.005031738281250000e+02
1.005037994384765625e+02
1.004995346069335938e+02
1.005048370361328125e+02
1.004767303466796875e+02
1.004875106811523438e+02
1.004595947265625000e+02
1.004801483154296875e+02
1.004948806762695312e+02
1.004890975952148438e+02
1.004699020385742188e+02
1.004744491577148438e+02
1.004699249267578125e+02
1.004479522705078125e+02
1.003717193603515625e+02
1.004202804565429688e+02
1.004382629394531250e+02
1.004060745239257812e+02
1.003984603881835938e+02
1.003771820068359375e+02
1.004025878906250000e+02
1.003808212280273438e+02
1.003879394531250000e+02
1.003109359741210938e+02
1.003471374511718750e+02
1.001496963500976562e+02
1.001636047363281250e+02
9.976024627685546875e+01
9.987955474853515625e+01
9.980368041992187500e+01
9.874562072753906250e+01
9.674482727050781250e+01
9.461350250244140625e+01
9.263264465332031250e+01
9.064868164062500000e+01
8.702877044677734375e+01
8.540559387207031250e+01
8.104719543457031250e+01
7.841706085205078125e+01
7.349813079833984375e+01
6.916257476806640625e+01
5.912454605102539062e+01
5.929721450805664062e+01
6.124780654907226562e+01
6.034386444091796875e+01
6.132711791992187500e+01
5.757498550415039062e+01
5.878531265258789062e+01
5.841287231445312500e+01
5.626128387451171875e+01
6.140507888793945312e+01
6.724013519287109375e+01
4.787990570068359375e+01
4.151315689086914062e+01
4.106339645385742188e+01
4.102738189697265625e+01
3.859989929199218750e+01
3.328831863403320312e+01
3.452775573730468750e+01
3.309127426147460938e+01
3.509948730468750000e+01
3.032353401184082031e+01
3.049565505981445312e+01
3.117225265502929688e+01
2.782691192626953125e+01
2.980849647521972656e+01
2.787371444702148438e+01
2.331951332092285156e+01
2.964764976501464844e+01
3.169580459594726562e+01
3.216268157958984375e+01
2.935449600219726562e+01
2.683353996276855469e+01
2.711440277099609375e+01
2.191283226013183594e+01
1.923369407653808594e+01
1.678495216369628906e+01
1.455889034271240234e+01
1.414552688598632812e+01
1.190477180480957031e+01
8.358469009399414062e+00
6.024580001831054688e+00
3.787818431854248047e+00
2.041491985321044922e+00
6.273994445800781250e-01
-2.430647611618041992e-01
-3.146806657314300537e-01
-3.626322448253631592e-01
-3.498401343822479248e-01
-3.652342855930328369e-01
-4.543693363666534424e-01
-3.474009633064270020e-01
-5.394497513771057129e-02
2.041203975677490234e+00
1.259023904800415039e+00
2.427426338195800781e+00
5.199384212493896484e+00
2.058135604858398438e+01
5.303163909912109375e+01
6.738308715820312500e+01
7.697198486328125000e+01
7.925421905517578125e+01
8.442864990234375000e+01
8.916102600097656250e+01
9.308575439453125000e+01
9.650045776367187500e+01
9.796530151367187500e+01
9.902515411376953125e+01
9.970301818847656250e+01
1.001362075805664062e+02
1.003518371582031250e+02
1.004144210815429688e+02
1.004436645507812500e+02
1.004737472534179688e+02
1.004713592529296875e+02
1.005154495239257812e+02
1.005183715820312500e+02
1.005137481689453125e+02
1.005064926147460938e+02
1.005055084228515625e+02
1.005094604492187500e+02
1.005131530761718750e+02
1.005286865234375000e+02
1.005303802490234375e+02
1.005267562866210938e+02
1.005311279296875000e+02
1.005319366455078125e+02
1.005262527465820312e+02
1.005293731689453125e+02
1.005035629272460938e+02
1.005055007934570312e+02
1.004969558715820312e+02
1.005207290649414062e+02
1.005268096923828125e+02
1.005229721069335938e+02
1.005301895141601562e+02
1.005295791625976562e+02
1.004707183837890625e+02
1.005158615112304688e+02
1.005214080810546875e+02
1.005192718505859375e+02
1.005171890258789062e+02
1.005131225585937500e+02
1.004914779663085938e+02
1.004924774169921875e+02
1.005086441040039062e+02
1.005127944946289062e+02
1.004799423217773438e+02
1.004995193481445312e+02
1.004947509765625000e+02
7.046165466308593750e+01
9.487207031250000000e+01
9.891801452636718750e+01
9.983429718017578125e+01
1.001896972656250000e+02
1.002687530517578125e+02
1.003457870483398438e+02
1.004089355468750000e+02
1.004191894531250000e+02
1.004538497924804688e+02
1.004865570068359375e+02
1.004763717651367188e+02
1.004595947265625000e+02
1.004614868164062500e+02
1.004775924682617188e+02
1.004061660766601562e+02
1.003940963745117188e+02
1.003814086914062500e+02
1.002270278930664062e+02
1.001868209838867188e+02
1.002831268310546875e+02
1.003204574584960938e+02
1.003192443847656250e+02
1.001783447265625000e+02
1.002433624267578125e+02
1.001325149536132812e+02
9.995188903808593750e+01
1.000287933349609375e+02
9.946974182128906250e+01
9.946392059326171875e+01
9.910867309570312500e+01
9.802730560302734375e+01
9.461139678955078125e+01
9.337232971191406250e+01
9.099732208251953125e+01
9.071245574951171875e+01
9.036277770996093750e+01
8.864519500732421875e+01
8.489023590087890625e+01
8.280545806884765625e+01
8.147945404052734375e+01
8.089858245849609375e+01
7.893867492675781250e+01
8.013999938964843750e+01
8.084168243408203125e+01
8.026274108886718750e+01
8.242328643798828125e+01
8.009307861328125000e+01
8.100382232666015625e+01
8.228195190429687500e+01
8.068555450439453125e+01
7.486476135253906250e+01
7.688402557373046875e+01
7.900547027587890625e+01
7.789229583740234375e+01
7.815567779541015625e+01
7.554637908935546875e+01
7.541055297851562500e+01
7.701959228515625000e+01
7.181958770751953125e+01
6.622643280029296875e+01
7.024784088134765625e+01
6.730919647216796875e+01
6.356665420532226562e+01
6.174450683593750000e+01
6.430526733398437500e+01
6.618433380126953125e+01
5.882229614257812500e+01
5.746393585205078125e+01
5.708328247070312500e+01
5.969133377075195312e+01
5.562102508544921875e+01
5.597862625122070312e+01
5.037042617797851562e+01
4.873829650878906250e+01
4.747631835937500000e+01
5.208624267578125000e+01
4.464278411865234375e+01
4.349343490600585938e+01
4.268611526489257812e+01
3.957853698730468750e+01
3.682518386840820312e+01
3.407707977294921875e+01
3.552063369750976562e+01
3.359791946411132812e+01
3.184251594543457031e+01
3.276711273193359375e+01
3.230233764648437500e+01
3.153298377990722656e+01
3.042120170593261719e+01
2.997228622436523438e+01
3.005640029907226562e+01
2.924930763244628906e+01
2.876775360107421875e+01
2.912897682189941406e+01
2.813105964660644531e+01
2.803292274475097656e+01
3.124831199645996094e+01
2.923785591125488281e+01
2.819273757934570312e+01
